Distance Covered, Top Speed, Power Plays, Player Load, Work Ratio, Distance/min

Offense
Jack, Aden, Mitchell Deutsch

Center
Stefan Broge, Ryan Petrauskas, Eben Eichenwald

Defense
Nicholas Jung, Giles El-Assal, Anselm, Soham Mukherjee

Personal Goals:
Jack
0 0 0 0 0 0
Aden
3.9672 16.5634 21 312.1876 12.4992 36.6963
Mitchell
3.6749 15.7681 20 292.4688 17.8901 58.9163
Stefan
3.9013 13.3919 18 328.8414 13.9843 34.9875
Ryan
4.3415 15.3406 24 305.8053 14.7905 39.3743
Eben
4.9137 14.3265 15 356.9068 19.3095 44.1282
Nicholas
3.0852 14.9131 13 230.002 15.4063 48.166
Giles
3.0117 15.1715 6 272.0918 11.1196 29.993
Anselm
3.8749 17.3141 12 311.072 12.0929 35.442
Soham
2.8423 15.1218 20 226.3237 12.9182 48.2002
End

Session: 8_29_2022
Aden
4.296 14.068 9 328.8155 20.9556 61.211
Mitchell
5.9358 17.3389 12 489.4785 29.4965 70.9888
Stefan
4.2412 14.0183 3 381.5322 17.0151 50.7796
Ryan
4.336 13.2726 15 332.0592 17.9484 56.5256
Eben
0.8002 16.8865 1 45.7684 8.7608 12.0405
Nicholas
4.3552 16.3248 11 331.1724 16.3003 54.5659
Giles
0.847 6.5319 0 50.5194 9.9599 12.71
Anselm
4.4823 17.1152 14 385.4695 16.695 55.6461
End

Session: 9_6_2022
Jack
4.8814 18.2337 51 490.2671 14.0498 34.5993
Mitchell
2.8714 16.8816 42 244.4868 13.5457 46.8435
Stefan
2.4645 15.3008 34 233.1825 11.3782 39.6357
Ryan
3.217 16.1409 42 264.8026 9.3425 22.8541
Eben
4.1222 15.5295 47 316.6774 11.4096 29.1968
End

Session: 9_15_2022
Aden
3.9672 16.5634 21 312.1876 12.4992 36.6963
Mitchell
3.6749 15.7681 20 292.4688 17.8901 58.9163
Stefan
3.9013 13.3919 18 328.8414 13.9843 34.9875
Ryan
4.3415 15.3406 24 305.8053 14.7905 39.3743
Eben
4.9137 14.3265 15 356.9068 19.3095 44.1282
Nicholas
3.0852 14.9131 13 230.002 15.4063 48.166
Giles
3.0117 15.1715 6 272.0918 11.1196 29.993
Anselm
3.8749 17.3141 12 311.072 12.0929 35.442
Soham
2.8423 15.1218 20 226.3237 12.9182 48.2002
End
