Session: August 29 2022
Aden
4.296 14.068 9 328.8155 20.9556 61.211
Mitchell
5.9358 17.3389 12 489.4785 29.4965 70.9888
Stefan
4.2412 14.0183 3 381.5322 17.0151 50.7796
Ryan
4.336 13.2726 15 332.0592 17.9484 56.5256
Eben
0.8002 16.8865 1 45.7684 8.7608 12.0405
Nicholas
4.3552 16.3248 11 331.1724 16.3003 54.5659
Giles
0.847 6.5319 0 50.5194 9.9599 12.71
Anselm
4.4823 17.1152 14 385.4695 16.695 55.6461
Patrick
5.2439 12.3082 10 415.7006 26.0942 67.876
Ethan
4.1704 13.6902 3 341.1474 15.6599 52.9726
John
5.9413 16.474 7 595.2991 17.2613 39.3506
Farzad
4.9637 18.6314 9 433.7932 12.5192 32.9208
Kaeden
4.5506 14.9826 11 401.4205 19.7266 58.3081
Gabriel
5.1567 12.1044 4 473.3252 16.1623 35.5925
Frederik
3.9634 14.5402 5 315.2 27.0417 62.5443
Rafael
6.2543 17.16 10 493.1493 18.5979 42.0554
End
