Session: August 31 2022
Aden
4.1747 19.4864 35 279.4656 9.3389 30.1953
Mitchell
5.6453 17.5278 45 405.1619 34.6999 84.0054
Stefan
2.4712 14.7242 19 225.0877 13.4457 37.0416
Ryan
4.1404 16.6579 33 302.8395 12.4145 31.6822
Eben
4.1031 16.8219 41 290.8862 28.3949 66.2321
Nicholas
2.9893 14.9926 17 193.0456 14.0693 44.1624
Giles
3.9032 18.3232 28 325.6324 19.8345 58.2798
Anselm
4.3224 18.5121 30 301.7067 23.7538 64.6084
Patrick
5.1328 17.5527 60 341.9097 14.0403 38.6698
Michael
2.3235 16.0763 26 190.0987 11.8695 35.2213
Ethan
3.4608 14.8832 21 267.5671 8.6895 25.0581
Farzad
3.5841 16.3149 23 277.1939 17.9637 53.0804
Kaeden
3.8092 18.8899 25 311.3762 21.978 56.6138
Gabriel
2.6599 17.0456 27 223.3085 13.2133 40.0748
Frederik
4.2176 19.6256 27 272.7624 23.7503 62.3858
End
