Session: August 30 2022
Aden
3.4074 17.6322 7 252.5796 10.5143 51.636
Mitchell
4.4694 14.8236 21 338.4767 22.3865 68.0929
Stefan
3.411 12.6662 12 306.7992 16.6961 52.3305
Eben
5.7465 14.4855 20 399.9359 25.7331 50.6417
Nicholas
3.8566 14.1276 12 261.3765 18.0687 59.6598
Giles
2.9865 14.0282 15 282.3657 10.916 45.9203
Patrick
4.3109 15.8377 21 306.005 19.7645 66.5173
Michael
3.0156 15.3207 11 262.2589 10.5335 45.9073
John
4.3516 15.4251 29 388.2354 20.7631 66.3072
Farzad
3.3446 15.9918 17 272.8877 11.1802 51.0924
Kaeden
3.4108 17.5477 13 293.4397 13.386 52.5776
Gabriel
3.3642 15.5841 22 312.8532 15.1633 50.6078
Frederik
3.7437 18.1343 14 274.4507 17.5069 56.7493
Rafael
4.228 16.3845 18 325.8495 20.3323 64.9788
End
