Session: September 1 2022
Aden
4.5457 18.1243 53 288.5172 8.5372 27.5385
Mitchell
5.9589 16.812 69 408.7723 41.5814 98.8994
Stefan
0.9798 14.5253 5 131.6504 5.2761 16.233
Eben
5.0431 15.2362 41 332.2013 34.3932 84.1922
Anselm
4.9004 16.7474 41 337.9612 31.3122 82.3073
Patrick
5.0275 19.4764 54 308.2443 28.479 80.9502
Michael
1.3971 14.744 13 146.3805 7.4103 23.0878
John
5.6015 17.488 49 433.295 37.1406 92.585
Farzad
4.1606 18.184 32 326.9583 25.1106 67.6009
Kaeden
4.4324 16.459 44 329.8435 27.9836 71.5599
Gabriel
1.8628 14.5551 9 175.6945 6.1411 29.7549
Rafael
1.7737 13.5013 15 200.0096 3.0184 10.756
End
