Session: September 2 2022
Aden
4.9586 18.3928 62 291.9817 28.6509 85.9463
Mitchell
6.3724 17.4781 77 432.9084 47.7261 110.1349
Stefan
1.3708 14.5949 6 129.1652 9.5911 23.6156
Ryan
5.724 17.6571 59 442.8684 14.6552 37.953
Eben
4.0002 16.295 46 287.8207 30.0508 68.8647
Nicholas
5.5889 17.498 46 325.1177 40.6191 96.1809
Anselm
5.1981 16.0713 40 356.7517 36.6283 90.7654
Michael
3.3764 17.7465 44 265.9158 23.712 59.0633
John
5.8068 16.9711 84 455.0434 44.4899 99.2227
Gabriel
2.42 14.8484 25 216.468 14.179 39.5999
Frederik
4.2327 18.3928 33 275.6095 12.5206 27.9517
Rafael
2.0708 16.7772 11 187.9985 13.8001 35.2168
End
