Session: September 9 2022
Mitchell
6.911 17.3787 81 473.6561 47.0498 106.8238
Stefan
1.5378 12.9843 2 203.5618 4.3815 17.2307
Ryan
7.4127 18.86 60 501.6752 25.614 37.5656
Eben
7.4107 16.4541 70 530.2057 28.5508 39.6731
Nicholas
5.8226 16.1906 43 375.9061 25.7375 64.2554
Giles
6.3093 17.9354 52 546.7495 12.252 32.1018
Anselm
5.9283 17.7664 42 429.8164 26.4864 66.3319
Michael
1.5412 13.372 2 180.7193 4.4406 17.7974
John
4.2302 15.8377 40 396.356 8.6353 22.3941
Martin
8.2609 14.8633 47 537.2306 19.1177 43.2207
Duncan
2.0227 13.4267 1 217.3452 3.0033 10.9274
Farzad
5.956 19.208 45 454.01 23.9617 69.191
Kaeden
3.7358 16.0067 24 356.862 7.2689 19.6883
Gabriel
0.4304 5.7614 0 62.7934 0.2361 8.6814
Frederik
4.0745 16.7822 34 289.5528 18.9039 46.451
Rafael
0.2052 5.8559 0 29.4715 0.23 1.1036
End
