Session: September 8 2022
Jack
5.3177 16.3646 36 469.3345 14.6691 38.0105
Mitchell
5.0288 16.8617 46 416.5766 17.6638 59.0234
Stefan
4.0742 13.9039 40 375.532 15.097 48.4965
Nicholas
4.9925 15.788 48 381.3653 19.4294 58.5824
Anselm
4.7661 17.1401 34 391.2497 13.3054 33.5635
Michael
4.3569 17.5576 49 405.4943 17.3487 52.4702
Ethan
5.74 16.9909 33 465.9138 17.7061 40.6857
John
6.7265 16.8269 37 617.4412 22.2609 48.1516
Martin
4.5813 15.8377 23 343.2432 11.6566 32.5325
Farzad
4.505 18.691 21 417.832 11.6898 31.8549
Kaeden
5.2091 16.2105 25 434.0751 14.7077 37.6665
Gabriel
3.4843 16.0912 35 346.6532 13.0339 28.4692
Frederik
4.8219 19.3273 40 351.016 19.8198 57.8753
Rafael
4.9417 17.2793 52 410.8506 23.2651 44.2727
End
