Session: September 7 2022
Stefan
3.2553 14.2171 25 261.8567 27.084 71.9625
Eben
5.4782 16.4938 49 411.6279 26.8379 57.7742
Nicholas
3.7827 15.0274 36 249.1145 31.6611 79.9781
Giles
5.0103 17.16 45 449.384 21.914 52.484
Anselm
3.3205 16.3546 35 249.9625 25.7443 72.589
Patrick
3.6713 15.4102 27 260.6947 17.8274 49.937
Michael
2.608 17.3886 24 233.6561 18.7961 56.4761
Ethan
3.8862 18.87 32 620.4733 16.9857 41.8292
John
1.0471 6.4126 0 113.2968 5.6518 10.9782
Martin
4.6046 16.7275 41 325.2143 22.3664 48.7204
Kaeden
2.8301 17.2494 20 238.3145 17.2137 39.168
Gabriel
3.8932 15.4897 40 333.6928 36.0886 83.2622
Rafael
3.8203 16.5137 22 314.9416 29.5082 75.6539
End
