Session: September 6 2022
Jack
4.8814 18.2337 51 490.2671 14.0498 34.5993
Mitchell
2.8714 16.8816 42 244.4868 13.5457 46.8435
Stefan
2.4645 15.3008 34 233.1825 11.3782 39.6357
Ryan
3.217 16.1409 42 264.8026 9.3425 22.8541
Eben
4.1222 15.5295 47 316.6774 11.4096 29.1968
Patrick
2.7019 17.2594 22 214.2786 11.3052 42.9884
Michael
3.4927 14.8633 53 307.5764 18.452 56.3789
John
4.1484 15.7084 46 356.453 11.8887 29.4431
Martin
3.2698 15.2908 36 252.5836 9.0094 23.3033
Farzad
2.6882 16.5237 32 238.459 10.4887 43.3559
Gabriel
2.9074 14.7242 37 297.7284 14.6565 47.5914
Rafael
3.1985 15.4499 45 264.4917 14.2096 51.4414
End
