Session: September 14 2022
Mitchell
2.8408 13.9387 6 245.7666 15.0479 45.9786
Eben
5.0489 14.6894 44 368.2554 14.0754 33.3237
Nicholas
3.1033 12.0199 12 217.5185 17.7024 50.0186
Giles
2.6158 12.8153 1 314.0833 8.3273 19.0976
Anselm
3.1461 13.9984 11 260.5768 11.253 23.0195
Ethan
3.9638 13.9188 29 292.2327 12.0617 29.217
Martin
3.7538 12.7059 13 263.1954 12.1412 28.5226
Duncan
4.1131 15.8725 32 316.3844 13.6164 29.9228
Farzad
2.999 14.5005 6 287.0639 9.3099 21.9002
Frederik
2.5593 12.87 8 207.348 13.4856 41.7452
Rafael
0.9522 10.7672 0 50.2715 5.3252 6.9538
End
