Session: September 15 2022
Aden
3.9672 16.5634 21 312.1876 12.4992 36.6963 
Mitchell
3.6749 15.7681 20 292.4688 17.8901 58.9163 
Stefan
3.9013 13.3919 18 328.8414 13.9843 34.9875 
Ryan
4.3415 15.3406 24 305.8053 14.7905 39.3743 
Eben
4.9137 14.3265 15 356.9068 19.3095 44.1282 
Nicholas
3.0852 14.9131 13 230.002 15.4063 48.166 
Giles
3.0117 15.1715 6 272.0918 11.1196 29.993 
Anselm
3.8749 17.3141 12 311.072 12.0929 35.442 
Soham
2.8423 15.1218 20 226.3237 12.9182 48.2002 
Michael
4.0131 17.0357 23 357.5732 21.8657 63.0805 
Martin
4.0701 14.0183 10 297.1909 12.2742 37.7821 
Duncan
4.3489 17.2445 14 349.2578 17.3375 39.3158 
Farzad
4.3941 15.102 18 366.5374 14.3978 39.3848 
Kaeden
5.2182 16.3845 33 439.4535 18.6942 46.9151 
Gabriel
2.9438 14.8932 10 266.7607 15.6902 46.8603 
Frederik
3.8186 16.7623 24 270.5695 21.932 60.9061 
Rafael
0.9441 5.0804 0 48.2204 13.452 21.0398 
End
