Session: September 12 2022
Aden
1.8167 13.4118 1 156.5225 7.5511 17.0085
Mitchell
3.4821 15.0125 17 291.7497 20.0268 57.7129
Stefan
1.0975 11.7614 2 76.7498 6.1175 8.5028
Ryan
4.4857 13.9686 19 371.0349 16.5314 34.2381
Eben
4.4717 15.0423 31 340.6651 13.981 34.4795
Nicholas
3.2852 12.2635 15 246.2773 12.8138 47.602
Anselm
3.7302 13.1782 16 300.2803 13.5616 29.262
Soham
2.6824 11.662 2 227.4994 11.9768 39.0847
Michael
3.1513 12.865 14 288.1838 13.7674 44.1253
Ethan
1.0006 6.4226 0 53.9586 6.5046 8.4815
John
4.6488 12.9893 19 431.0353 14.3357 35.6685
Martin
3.0995 12.5767 3 249.2045 10.1266 24.2046
Duncan
5.1283 14.4259 40 371.0998 16.6174 39.5366
Farzad
3.1088 14.744 9 313.4856 8.651 23.5219
Gabriel
2.2767 14.3911 10 243.3407 9.7075 33.796
Frederik
4.1532 13.5908 10 315.3971 14.0557 31.4638
End
